Run semi-empirical minimization
 &qmmm
    qm_theory='AM1', grms_tol=0.0005,
 scfconv=1.d-10, ndiis_attempts=700,   qmcharge=0,
 /
   6    C1       44.9990       36.0530       76.6600 
   6    C2       45.7330       35.1270       75.6830 
   7    N1       45.8000       35.9430       74.4830 
   6    C3       45.0870       37.0830       74.5810 
   8    O1       44.9380       37.9000       73.6970 
   8    O2       44.5060       37.1090       75.7990 
   6    C4       43.8350       35.3830       77.4150 
   7    N2       42.7470       34.9610       76.5270 
   6    C5       40.6420       33.9440       75.8840 
   6    C6       41.6870       34.2330       76.9380 
   8    O3       41.5890       33.8220       78.0770 
   6    C7       46.5920       35.5570       73.3610 
   6    C8       47.9240       35.9620       73.2810 
   6    C9       46.0350       34.7980       72.3320 
   6   C10       48.7000       35.6050       72.1810 
   6   C11       46.8100       34.4480       71.2270 
   6   C12       48.1500       34.8450       71.1440 
   9    F1       46.2490       33.7120       70.2480 
   7    N3       48.9070       34.5150       70.0450 
   6   C13       50.2760       34.0040       70.2250 
   6   C14       48.7050       35.2930       68.8110 
   6   C15       50.7380       33.2360       68.9690 
   6   C16       49.2140       34.5160       67.5780 
   8    O4       50.5800       34.0900       67.8090 
   1     H       45.7160       36.4850       77.3640 
   1    H1       46.7350       34.8820       76.0440 
   1    H2       45.1620       34.2180       75.4790 
   1    H3       44.2090       34.5120       77.9610 
   1    H4       43.4280       36.0940       78.1400 
   1    H5       42.7660       35.3190       75.5840 
   1    H6       41.0060       34.1930       74.8840 
   1    H7       39.7420       34.5320       76.0780 
   1    H8       40.3800       32.8840       75.8980 
   1    H9       48.3600       36.5670       74.0740 
   1   H10       44.9960       34.4840       72.3850 
   1   H11       49.7320       35.9440       72.1290 
   1   H12       50.9600       34.8380       70.4040 
   1   H13       50.3100       33.3310       71.0870 
   1   H14       47.6430       35.5170       68.6770 
   1   H15       49.2490       36.2380       68.8890 
   1   H16       51.7910       32.9560       69.0640 
   1   H17       50.1350       32.3340       68.8340 
   1   H18       48.5880       33.6360       67.4040 
   1   H19       49.1860       35.1580       66.6940 

